2004852749704597928
2004510193573577115
2004698013172920387
2004855153569268056
2004706398215831773
2004323695008141426
2004785381490000145
2004713750281265316
2004695611829006554
2004716721043898866
2000891108889649511
2004121843326910784
2004777070468137118
2003354987649438109
2005495854132847076
20054865271248531292005538581478363382
2002613249032990720
2005575853179351338
2001824477257306576
2005562197225906472
2001282638146097324
2005227790896189720
1981725408803377631
2004568727472497127
2005218701298278604
2001188342633836712
2005592156476715067
